<GID> 8507 <YOB> 2111 <AGE> 66 <VCID> 8883 <VISIT> [40166274, 40166254, 19071700, 42708743, 19049684, 40220357, 1560751, 1707348, 46275280, 35603556, 19041287, 19123592, 1113076, 938330, 19095165, 712620, 43011850, 948080]
<GID> 8507 <YOB> 2134 <AGE> 67 <VCID> 8870 <VISIT> [40166274, 40166174, 19072176, 40220357, 19020053, 1707348, 35606006, 36249737, 19123592, 19041287, 19095165, 43011884, 19134047, 46287345, 1560751, 19126405, 19016865, 939871, 42708743, 1127433, 44784779, 1113346, 1167323, 1790982, 37498700, 36712801, 4008576, 197320, 318800, 320128, 436962, 764123, 4145513, 433753, 4163872, 42536500, 4282096, 4150981, 140673, 43530690, 45768910, 4305792]
<GID> 8507 <YOB> 2099 <AGE> 62 <VCID> 262 <VISIT> [40166274, 40166174, 19078557, 19068781, 19019851, 36249737, 40220357, 35606006, 1560751, 1718698, 1790982, 19112640, 1127433, 46275280, 19041287, 43011850, 948080]
<GID> 8507 <YOB> 2062 <AGE> 52 <VCID> 9201 <VISIT> [40166274, 40166275, 19078557, 19065567, 19068781, 36249739, 40220357, 19135374, 1560751, 35603226, 1707348, 1593611, 19016865, 46275280, 19041287, 44784779, 938330, 764123, 1127433, 1167323, 19080128, 43011850, 19134047, 19127213, 436962, 43530742, 140673, 440383, 373781, 43021255, 318800, 42537730, 433753, 4145513]
<GID> 8507 <YOB> 2073 <AGE> 44 <VCID> 8870 <VISIT> [40221385, 40168991, 40220357, 35603433, 19077241, 1560751, 1718698, 19016865, 19126173, 19020131, 46287349, 36249739, 19127213, 43526395, 43360451, 436096, 4008576, 320128, 81902, 44784439]
<GID> 8507 <YOB> 2130 <AGE> 59 <VCID> 8883 <VISIT> [40221385, 40221285]
<GID> 8507 <YOB> 2079 <AGE> 67 <VCID> 8883 <VISIT> [40166274, 40166276, 19078557, 1560751, 46275349, 19020131, 35605482, 44784779, 1113346, 938330, 19095165, 43011884, 19131111, 1396154, 19041287, 40220357, 19127213, 19126405, 712620, 19016865, 36249737, 0, 1596977, 37498700, 193782, 319835, 442019, 433753, 436659, 440383, 4145513]
<GID> 8507 <YOB> 2119 <AGE> 48 <VCID> 8870 <VISIT> [40166274, 19078557, 40168991, 19036004, 40221385, 19131111, 43011850, 46287328, 36249737, 19135374, 1718752, 1593969, 1560751, 953102, 19095165, 1127433, 19080129, 942384, 987250]
<GID> 8507 <YOB> 2095 <AGE> 58 <VCID> 262 <VISIT> [40166274, 40166174, 19077241, 40220357, 1560751, 35603805, 46275400, 36249739, 19127213, 435515, 432867, 320128, 436676, 764123, 373712, 4332246, 37311319, 132797, 435243, 442588, 443447, 140673, 4193704, 254061, 197320, 4008576, 201826, 4111297]
<GID> 8507 <YOB> 2085 <AGE> 34 <VCID> 8870 <VISIT> [19078557, 19078556, 19049684, 19135374, 40173098, 711620, 967434, 46275446, 1545997, 19131111, 40226969, 43011884, 991764, 35604998, 4008576, 44784779, 1127433, 19019418, 19041287, 1707348, 1113346, 948080, 963359, 19122506, 436659, 319835, 433753, 4145513, 4154290, 4082311, 140673, 435243, 4282096, 440383, 442077, 195561, 373778, 41017432, 318800, 42537730, 197320]
<GID> 8507 <YOB> 2086 <AGE> 61 <VCID> 581385 <VISIT> [40166274, 40166174, 19072176, 19020131, 40221350, 19129446, 35603636, 1560751, 46275280, 36249739, 19127213, 132797, 437264, 444070, 432867, 433753, 43531578, 4008576, 255848, 319835, 81902, 2725943]
<GID> 8532 <YOB> 2058 <AGE> 57 <VCID> 8883 <VISIT> [40166274, 40166275, 40220357, 19135374, 19071700, 19131111, 35603636, 19020053, 43011850, 46287349, 1560751, 1718698, 44784779, 1113346, 938330, 19095165, 19019418, 19009384, 42708743, 19123038, 377091, 1344406, 435243, 140673, 317576, 443597, 440383, 433753, 4145513, 4181965, 436222, 320128, 4170024, 261600, 778765, 4008576]
<GID> 8507 <YOB> 2111 <AGE> 66 <VCID> 8883 <VISIT> [40166274, 19078557, 40220357, 46287328, 19121580, 36249739, 35604998, 19129446, 19020131, 1560751, 19134047, 1322185, 40163473, 1113346, 938330, 43011884, 19019112, 19041287, 766820, 1593611, 1127433, 948080]
<GID> 8532 <YOB> 2083 <AGE> 72 <VCID> 8870 <VISIT> [40166274, 40166275, 42708743, 19071700, 19065567, 21125875, 1560525, 40229093, 36249687, 19020131, 0, 19127213, 46275280, 19135374, 938330, 43011884, 1332419, 19134047, 44784779, 711586, 132797, 201826, 442019, 433753, 4145513]
<GID> 8532 <YOB> 2104 <AGE> 21 <VCID> 581385 <VISIT> [40166274, 40166174, 19078557, 19131111, 35606004, 36249739, 40220357, 19135374, 1366754, 46275280, 1593698, 19127213, 197320, 442588, 434005, 432867, 43530742, 4145513]
<GID> 8507 <YOB> 2041 <AGE> 84 <VCID> 8870 <VISIT> [40166274, 40166174, 46275349, 19126173, 36249737, 40221385, 0, 1560751, 35603226, 43011850, 948080, 19041287, 19127213, 433736, 433753, 4145513]
<GID> 8532 <YOB> 2067 <AGE> 67 <VCID> 581385 <VISIT> [40163667, 40166274, 19071700, 19019418, 43011850, 46275446, 36249737, 40221386, 35605728, 19129446]
<GID> 8507 <YOB> 2117 <AGE> 58 <VCID> 8883 <VISIT> [40166274, 40166275, 19072176, 19075380, 40221386, 35603636, 36249739, 46287330, 19041287, 19095165, 19112656, 1707346, 19123989, 19016865, 42708743, 1593611, 1560751, 43011884, 0, 43560451, 948080, 1113076, 711620, 320128, 317576, 436659, 433753, 4145513, 437827, 4181965, 4282096, 140673, 444070, 4241530]
<GID> 8532 <YOB> 2055 <AGE> 74 <VCID> 581385 <VISIT> [40163667, 40163567]
<GID> 8507 <YOB> 2058 <AGE> 83 <VCID> 8870 <VISIT> [40166274, 40166174, 717166, 19078557, 1560751, 35603636, 46275280, 36249739, 40221385, 19131111, 953102, 43011884, 19019112, 19020053, 1127433, 19127213, 435243, 140673, 320128, 436659, 433753, 4145513]
<GID> 8507 <YOB> 2122 <AGE> 64 <VCID> 8870 <VISIT> [40166274, 40166174, 19071700, 19082350, 19098474, 44784779, 938330, 43011850]
<GID> 8532 <YOB> 2052 <AGE> 63 <VCID> 262 <VISIT> [40166274, 40166254, 19071700, 40221385, 1560751, 46275280, 36249735, 0, 19127213, 439777, 37498700]
<GID> 8507 <YOB> 2073 <AGE> 43 <VCID> 8870 <VISIT> [19078557, 19078554, 40163667, 19068781, 36249739, 40220357, 35604323, 1560751, 46275280, 19041287, 942384, 963359, 19123989, 42708743, 44784779, 938330, 19095165, 19016865, 43011850, 1113346, 21125875, 1127433, 19134047, 1332419, 19019335, 991764, 1593611, 1707346, 43613338, 132797, 43560451, 442019, 255573, 4243530, 317002, 42537730]
<GID> 8507 <YOB> 2117 <AGE> 58 <VCID> 8870 <VISIT> [40166274, 40166275, 19129446, 19071430, 715940, 1593611, 46275349, 19020131, 35605482, 1560751, 44784779, 938330, 19134047, 1309992, 1127433, 1707346, 19019112, 40229093, 1113346, 36249737, 19127213, 320128, 4008576, 4209423, 444044, 436676, 432867, 254061, 433753, 4145513]
<GID> 8507 <YOB> 2125 <AGE> 42 <VCID> 262 <VISIT> [40166274, 40166174, 19071700, 712616, 43011850, 40220388, 35604998, 46275280, 19129446, 1560751, 1718698, 19049686, 36249737, 40072394, 0, 19127213, 43613338, 43560451, 440383, 197320, 320128, 37394658, 254061, 4082311, 81902, 4282096, 444044, 373995, 4209423, 437264, 321318, 443238, 4145513]
<GID> 8507 <YOB> 2096 <AGE> 64 <VCID> 8870 <VISIT> [40166274, 40166275, 19077463, 19129446, 35606004, 40221385, 36249739, 19122506, 19080129, 967434, 1560751, 46275280, 43647680]
<GID> 8532 <YOB> 2106 <AGE> 64 <VCID> 8870 <VISIT> [40166274, 40166174, 19071700, 707273, 40220357, 35603556, 46275349, 19049684, 43011884, 1560525, 1718696, 19016865, 40072394, 0, 19127213, 37017432, 42708743, 45775137, 434610, 440383, 320128, 318800, 433753, 4145513]
<GID> 8507 <YOB> 2058 <AGE> 83 <VCID> 8870 <VISIT> [40166274, 40166174, 19071700, 46275349, 36249737, 40220357, 19135374, 1593063, 19131111, 35605815, 19019418, 942384, 19049024, 19041287, 44784779, 938330, 19080128, 43011884]
<GID> 8532 <YOB> 2084 <AGE> 92 <VCID> 581385 <VISIT> [40221387, 40166274, 19129446, 35603636, 46275280, 19078557, 36249739, 40220357, 1560751, 19020053, 19019112, 19041287]
<GID> 8507 <YOB> 2114 <AGE> 34 <VCID> 8870 <VISIT> [40166274, 19078557, 40175001, 46275349, 40220357, 1560751, 1718752, 35603227, 19129446, 19020131, 36249737, 40071162, 19127213, 442588, 437390, 4145513]
<GID> 8507 <YOB> 2043 <AGE> 70 <VCID> 38004207 <VISIT> [40221385, 40163667, 19068781, 939871, 46275446, 36249739, 40221485]
<GID> 8507 <YOB> 2085 <AGE> 34 <VCID> 8870 <VISIT> [40166274, 40166276, 19071700, 19075380, 19126405, 1714303, 40220357, 35603636, 46287328, 36249737, 40071162, 19095165, 44784779, 1113346, 938330, 961050, 19019112, 1545997, 19127213, 749791, 377091, 42873647, 319835, 440383, 442077, 197320, 432867, 435243, 201826, 436238, 433753, 4145513]
<GID> 8532 <YOB> 2145 <AGE> 53 <VCID> 581385 <VISIT> [40166274, 40166276, 40220357, 1707346, 19077241, 43011850, 35603556, 19123038, 19019112, 19049686, 21125875, 36249739, 19112656, 46275280, 1593611, 1560751, 1308250]
<GID> 8532 <YOB> 2061 <AGE> 59 <VCID> 8870 <VISIT> [19078557, 19078559, 40169231, 40221385, 19121580, 43011850, 46287424, 1560525, 36249739, 35603429, 19019113, 19049686, 19009384, 711620, 19041287, 44784779, 938330, 1113346, 1127433, 19019112, 19134047, 42708743, 40072394, 42629598, 4140598, 313217, 442077, 140673, 4209423, 42537730, 373995, 4241530]
<GID> 8507 <YOB> 2059 <AGE> 52 <VCID> 262 <VISIT> [40166274, 40166174, 19078557, 19126173, 40220357, 43011850, 991764, 19049686, 36249687, 46287328, 19127213, 81902, 197320, 442077, 436659, 437827, 140673, 320128]
<GID> 8507 <YOB> 2085 <AGE> 87 <VCID> 262 <VISIT> [40166274, 40166174, 19078557, 40221386, 36249687, 35603636, 19049684, 19123038, 46275280, 19126173, 1718752, 1560751, 1593969, 1127433, 1167323, 19016865, 44784779, 1113346, 938330, 19134047, 766820, 43011850, 987250]
<GID> 8532 <YOB> 2128 <AGE> 52 <VCID> 262 <VISIT> [40166274, 40166275, 19071700, 967434, 40221385, 36249687, 1560751, 19112656, 19121580, 46275280]
<GID> 8507 <YOB> 2096 <AGE> 64 <VCID> 8870 <VISIT> [40166274, 40166275, 19071700, 19016865, 19049684, 939871, 961050, 948080, 46275280]
<GID> 8532 <YOB> 2084 <AGE> 92 <VCID> 581385 <VISIT> [19078557, 19078559, 40169243, 19126173, 35605859, 36249737, 40221358, 1560751, 46275280, 1593698, 0, 43647680]
<GID> 8507 <YOB> 2122 <AGE> 64 <VCID> 8870 <VISIT> [19078557, 19078556, 40173098, 35603429, 46275400, 1560751, 19016865, 40220357, 19131111, 19135374, 21125875, 19020053, 43011884, 44784779, 938330, 717166, 19127213, 4193704, 132797, 45768910, 320128, 4209423, 433753, 4145513]
<GID> 8507 <YOB> 2043 <AGE> 82 <VCID> 9201 <VISIT> [40221385, 40221287, 19068781, 40168991, 42708743, 19078557, 19131111, 957136, 711620, 19126173, 43011884, 19019112, 1560525, 19046742, 1593611, 19122506, 35605844, 43613338, 435515, 45775137, 46271022, 1322185, 433753, 4145513, 4154290, 319835, 4111484]
<GID> 8507 <YOB> 2089 <AGE> 60 <VCID> 581385 <VISIT> [40166274, 40166276, 19078557, 715940, 1593611, 36249739, 40221386, 1560751, 35603226, 46287328, 19020053, 19019112, 19134047, 43011884, 19127213, 42873647, 44784779, 938330, 19080128]
<GID> 8532 <YOB> 2079 <AGE> 64 <VCID> 38004207 <VISIT> [19078557, 19078554, 40169243, 19036628, 46275446, 35603636, 19135374, 40221385, 1366754, 19127213, 4295261, 442077, 140352, 4209423, 81902, 4282096, 319835, 372887, 435243]
<GID> 8532 <YOB> 2075 <AGE> 85 <VCID> 8870 <VISIT> [40163667, 40163511, 19072176, 40220357, 35603429, 19129446, 19019418, 957136, 19035247, 21125875, 46275446]
<GID> 8507 <YOB> 2062 <AGE> 78 <VCID> 9201 <VISIT> [40221385, 40163667, 19078557, 19131111, 43011850, 19016865, 46275280, 1560525, 19041287, 19020053, 707159, 35603556, 40220388, 44784779, 1113346, 938330, 19095165, 1127433, 723042, 1790982, 1593611, 43613338, 0, 19127213, 433753, 4145513]
<GID> 8507 <YOB> 2059 <AGE> 72 <VCID> 8870 <VISIT> [40166274, 40166276, 19071700, 19049684, 948890, 35605941, 46287349, 1560751, 19041287, 942384, 40232756, 43011850, 19126173, 993653, 19016865, 1707348, 44784779, 1113346, 36249737, 319835, 436676, 711586, 45768910, 377091, 81902, 43021284]
<GID> 8507 <YOB> 2052 <AGE> 77 <VCID> 8870 <VISIT> [40166274, 40166174, 19071700, 35606536, 19040187, 1560525, 40229093, 1593611, 939871, 19134047, 19095165, 36249737, 46287349, 19049024, 19019003, 19065567, 42708743, 19016865, 1113346, 21125875, 712616, 44784779, 1790982, 1718698, 43011850, 19123038, 42629597, 43613338, 433753, 4145513, 4081708, 320128, 4008576, 197320, 444044, 440383, 255573, 134736]
<GID> 8532 <YOB> 2119 <AGE> 66 <VCID> 8870 <VISIT> [19078557, 40174979, 19071700, 967434, 46287328, 1560751, 35605482, 19020131, 36249737, 40221385, 0, 948080, 19127213, 437827, 37498700]
<GID> 8507 <YOB> 2060 <AGE> 81 <VCID> 262 <VISIT> [19078557, 40163667, 19071700, 19129446, 40220357, 1560751, 35603636, 19041287, 19131009, 36249739, 19127213, 37498700]
<GID> 8507 <YOB> 2118 <AGE> 56 <VCID> 8870 <VISIT> [40163667, 40163567]
<GID> 8532 <YOB> 2092 <AGE> 50 <VCID> 581385 <VISIT> [40221383, 40166274, 19071700, 19135374, 19049684, 40221859, 1560751, 46275280, 36249737, 19123989, 37498700]
<GID> 8507 <YOB> 2122 <AGE> 64 <VCID> 8870 <VISIT> [40166274, 40166174, 42708743, 19071700, 35606006, 44784779, 19049684, 1545996, 19123038, 46287349, 40220357, 19134047, 715940, 43011850, 19016865, 963359, 987250]
<GID> 8507 <YOB> 2030 <AGE> 84 <VCID> 8870 <VISIT> [40166274, 40166275, 19068781, 40220357, 35603636, 19041255, 44784779, 1113346, 938330, 19080128, 19016865, 19074247, 19134047, 19095165, 36249739, 19127213, 193688, 196463, 319835, 255573, 317002, 81902, 2775351, 318800, 436096, 75860, 4193704, 4145513]
<GID> 8507 <YOB> 2086 <AGE> 62 <VCID> 581385 <VISIT> [40166274, 40166174, 19078557, 19065567, 40221384, 19135374, 1718752, 953102, 35603636, 43011850, 36249737, 19127213, 442077, 319835, 4282096, 436659, 45768910, 434894, 435243, 4082311, 2724505]
<GID> 8532 <YOB> 2059 <AGE> 78 <VCID> 8870 <VISIT> [40166274, 40166174, 19071430, 40221385, 19129446, 44784779, 938330, 19080217, 35605482, 43011850, 1560525, 46275280, 1113346, 36249737, 19123989, 19268043, 193782, 442019, 372887, 132797, 440383, 764123, 4145513, 4170024, 433753, 4082311, 4232495, 2718752, 2786472, 2732873]
<GID> 8532 <YOB> 2031 <AGE> 82 <VCID> 262 <VISIT> [40221385, 40168991, 948890, 35603636, 43011850, 40220388, 19071430, 1560751, 46275280, 19020053, 1707348, 19126173, 19041287, 44784779, 711586, 21125875, 1127433, 19095165, 19016865, 1113346, 19082350]
<GID> 8532 <YOB> 2058 <AGE> 55 <VCID> 262 <VISIT> [40166274, 40166174, 19071700, 46287330, 40220357, 1560751, 967434, 19020053, 35603226, 21125875, 36249739, 19135374, 1718752, 1593969, 19016865, 19041287, 44784779, 1113346, 961050, 993653]
<GID> 8507 <YOB> 2118 <AGE> 56 <VCID> 8870 <VISIT> [40221385, 19078557, 40175218, 19065567, 42708743, 40220357, 35604998, 1560751, 46275280, 19016865, 36249739, 19135374, 953102, 19049684, 21125875, 43011884, 19041287, 19080128, 1127433, 19127213, 715940, 723042, 44784779, 80140]
<GID> 8532 <YOB> 2066 <AGE> 89 <VCID> 8870 <VISIT> [40166274, 40166275, 19078557, 42708743, 43011850, 1560751, 19020053, 35603226, 36249739, 40220357, 19135374, 1366754, 46275280, 19127213, 433736, 201826, 37498700, 444070, 42537730, 433753, 4145513]
<GID> 8507 <YOB> 2084 <AGE> 45 <VCID> 581385 <VISIT> [40166274, 40166276, 46275349, 35606004, 19041255, 19074247, 712620, 40220357, 19049024, 1113346, 938330, 43011884, 19019112, 19009119, 1545997, 1308251, 1377163, 19127213, 443597, 377091, 44784779, 21125875, 81902, 196523, 436659, 254061, 4193704]
<GID> 8532 <YOB> 2069 <AGE> 88 <VCID> 262 <VISIT> [40221385, 19078557, 40173098, 46275349, 40220357, 1707346, 35603429, 19020053, 19131111, 43011850, 993653]
<GID> 8532 <YOB> 2097 <AGE> 81 <VCID> 8870 <VISIT> [40166274, 40166275, 19071700, 19019003, 40226969, 36249737, 46275280, 35603428, 19040187, 44784779, 938330, 1113346, 1127433, 19134047, 19123989, 43613338, 19019112, 42629595, 43011850, 1167323, 1332419, 43531578, 313217, 140673, 440383, 433753, 4145513, 4181965, 37394816, 317009, 261880]
<GID> 8507 <YOB> 2059 <AGE> 52 <VCID> 262 <VISIT> [40221385, 40173098, 19077241, 36249687, 19049684, 19135374, 40226969, 19131111, 35605858, 19016865, 1560525, 1707346, 46275280, 19123592, 1790982, 19041287, 44784779, 1113346, 938330, 19095165, 1167323, 42708743, 961050, 40072394, 0, 948080]
<GID> 8532 <YOB> 2084 <AGE> 93 <VCID> 8870 <VISIT> [40166274, 40166174, 19071700, 712616, 35603805, 43011850, 46287545, 1560751, 19020053, 19041287, 21125875, 1113346, 938330, 19016865, 1707346, 40232756, 40072394, 19134047, 44784779, 1127433, 1396154, 43530690, 19127213, 444044, 4145510, 436659, 4282096, 255573, 440383, 373691, 314054, 140673, 433753, 319835, 4163951, 4302095, 81902, 417009, 424556532, 4154290, 317009]
<GID> 8532 <YOB> 2092 <AGE> 52 <VCID> 581385 <VISIT> [40166274, 40166276, 19071700, 19065567, 717166, 967434, 19049024, 46287349, 40232756, 43011850, 35604998, 19019003, 36249737, 19134047, 19016865, 1707346, 19046742, 44784779, 1560751, 1113346, 1127433, 1322185, 948080, 19006967]
<GID> 8532 <YOB> 2059 <AGE> 78 <VCID> 8870 <VISIT> [40166274, 40166174, 19078557, 40231925, 19049024, 1560751, 35605482, 46275349, 36249739, 0, 19127213, 42629598, 45775137, 43560451, 1113346, 938330, 993653, 19016865, 711620, 19134047, 43011850, 19057568, 43613338, 443730, 43532878, 313217, 197494, 198571, 4282096, 201826, 443238, 260141, 140673, 318800, 4154290, 81611, 433753, 4145513]
<GID> 8532 <YOB> 2084 <AGE> 92 <VCID> 8870 <VISIT> [19078557, 19078556, 40221385, 40174979, 35603805, 19020053, 19019113, 447847791, 938330, 43011850, 1560525, 19041287, 43613338, 46275280, 19127213, 320128, 81902, 37016349, 255573, 134736, 4145513]
<GID> 8507 <YOB> 2149 <AGE> 47 <VCID> 8870 <VISIT> [40166274, 19078557, 19065567, 36249737, 40220357, 35604998, 40173098, 0, 1593611, 46275647, 19121580, 19016865, 21125875, 19137329, 19049024, 44784779, 1113346, 938330, 961050, 19041287, 19095165, 19080128, 42629595, 19019073, 1560525, 1718698, 43011850]
<GID> 8507 <YOB> 2125 <AGE> 42 <VCID> 262 <VISIT> [19078557, 19078556, 40221385, 36249687, 19135374, 35603556, 1593969, 19020053, 953102, 40169231, 1707348, 19131111, 19016865, 43011850, 1113346, 961050]
<GID> 8507 <YOB> 2033 <AGE> 78 <VCID> 8870 <VISIT> [40163667, 40163567]
<GID> 8507 <YOB> 2060 <AGE> 81 <VCID> 262 <VISIT> [40166274, 40166174, 19049684, 40220357, 35606006, 36249737, 19079154, 19131111, 957136, 963359, 991764, 19121580, 19016865, 46275280]
<GID> 8532 <YOB> 2059 <AGE> 78 <VCID> 8870 <VISIT> [40166274, 40166275, 19071430, 40221385, 1560751, 36249739, 19127213, 37498700, 0, 46275280, 35604998, 19134047, 19019113, 19020131, 1113076, 766820, 957136, 19016865, 43011884, 1332419, 1396154, 140673, 439777, 433753, 4145513]
<GID> 8507 <YOB> 2099 <AGE> 62 <VCID> 262 <VISIT> [19078557, 19078554, 40163667, 967434, 19049684, 40220357, 1560751, 46287345, 19016865, 44784779, 1113346, 1139771, 1127433, 961050, 948080, 35605858, 40072394, 320128, 373995, 436962, 433753, 4145513, 4082311, 37016349, 42873647, 444044, 317576, 43531578, 201826, 4154290, 764123, 45766207, 2726351, 2788038]
<GID> 8507 <YOB> 2060 <AGE> 81 <VCID> 262 <VISIT> [40166274, 40166174, 19065567, 40221385, 35606004, 19078557, 19049684, 36249687, 19135374, 21125875, 19095165, 43011850, 19041287, 44784779, 938330, 1127433, 19080129, 19016865, 43613338, 43530690, 46271022, 1113346, 961050]
<GID> 8507 <YOB> 2073 <AGE> 44 <VCID> 8870 <VISIT> [40166274, 40166174, 19068781, 19077241, 1560751, 35603226, 46275400, 19123989, 766820, 40221385, 1366754, 1308251, 19134047, 19016865, 43011850, 942384, 19046742, 1593611, 42708743, 433736, 42537730, 442077, 436962, 255573, 37016349, 319835, 197320]
<GID> 8507 <YOB> 2089 <AGE> 60 <VCID> 581385 <VISIT> [40166274, 40166174, 19071700, 19065567, 19035247, 715940, 40221387, 953102, 35603636, 19129446, 43011850, 46275280, 19016865, 1593969, 19041287]
<GID> 8507 <YOB> 2114 <AGE> 34 <VCID> 8870 <VISIT> [40166274, 40166275, 19078557, 712616, 19049684, 40220357, 1560751, 46275280, 19131111, 1399178, 19019112, 43011850, 19046742, 1127433, 36249739, 19127213, 37498700, 43613338, 433753, 4145513]
<GID> 8532 <YOB> 2108 <AGE> 32 <VCID> 8870 <VISIT> [40166274, 40166174, 19072176, 42708743, 40220357, 19131111, 35606006, 1560525, 19020053, 1113076, 957136, 46287349, 43011850, 19126173, 1127433, 961050]
<GID> 8507 <YOB> 2058 <AGE> 83 <VCID> 8870 <VISIT> [40166274, 40166276, 19071430, 40220357, 36249687, 19135374, 1718752, 19020053, 19131111, 46275349, 35604323, 19040187, 21125875, 19016865, 42707287, 44784779, 938330, 19080129, 43011850, 1127433, 1332419, 1309992, 19127213, 4145513]
<GID> 8507 <YOB> 2086 <AGE> 45 <VCID> 581385 <VISIT> [40166274, 40166174, 19078557, 718754, 19049684, 36249737, 40220357, 1560751, 1718752, 1593969, 43011850, 46287545, 19041287, 44784779, 938330, 19019418, 961050]
<GID> 8532 <YOB> 2073 <AGE> 50 <VCID> 8870 <VISIT> [40166274, 40166174, 19072176, 705108, 35603636, 46287328, 19131111, 21125875, 19020053, 40232756, 44784779, 1113346, 938330, 19041287, 19095165, 1707346, 1127433, 19016865, 1322185, 19126173, 1593969, 1560525, 43011850, 1507969]
<GID> 8532 <YOB> 2055 <AGE> 78 <VCID> 581385 <VISIT> [40221384, 40168991, 19068781, 717166, 19074247, 35606548, 40220357, 19135374, 1718752, 44784779, 938330, 19019418, 43011884]
<GID> 8532 <YOB> 2102 <AGE> 55 <VCID> 8870 <VISIT> [19078557, 40168991, 19078559, 19020053, 46275446, 19123592, 1560525, 19131111, 35604998, 21125875, 19016865, 715940, 19019113, 939871, 43011850, 434610, 4282096, 81902, 197320, 4145513, 320128, 433450, 443597, 314666, 40479192, 317009, 321052, 42537730, 436659, 4193704, 2728689, 4181965, 4008576, 4154290, 261053]
<GID> 8507 <YOB> 2125 <AGE> 42 <VCID> 8870 <VISIT> [19078557, 19078554, 40168991, 40221385, 1593611, 46287345, 948890, 19080128, 19134047, 43011850, 1560751, 1718698, 19020053, 1790982, 19019112, 44784779, 1113346, 1167323, 19095165, 19041287, 42708743, 19019073, 42629597, 2514402, 201826, 320128]
<GID> 8507 <YOB> 2089 <AGE> 87 <VCID> 581385 <VISIT> [40221350, 40168991, 36249739, 19127213, 46275280, 44784779, 938330, 40232756, 19041287, 1127433, 19080128, 19073712, 43011850]
<GID> 8532 <YOB> 2104 <AGE> 21 <VCID> 581385 <VISIT> [40166274, 40166174, 19072176, 43011850, 46287424, 19134047, 1560751, 132797, 1127433, 19016865, 19020053, 1593611, 35605858, 40240992, 36249737, 19112656, 711620, 42707287, 19041287, 44784779, 938330, 1113346, 19095165, 1707348, 43560451, 19065567, 993653]
<GID> 8532 <YOB> 2084 <AGE> 92 <VCID> 8870 <VISIT> [40166274, 40166275, 42708743, 19049684, 40220357, 35603397, 46275446, 36249737, 19071700, 1707348, 712616, 43011884, 1593611, 437264, 442019, 201826, 43530681, 4339214, 4145513, 4163872, 42537730, 255573, 43021284]
<GID> 8507 <YOB> 2059 <AGE> 52 <VCID> 8870 <VISIT> [40166274, 40166174, 711586, 19071700, 35605815, 19049684, 36249737, 40221386, 1560751, 1707348, 0, 948080, 46275280]
<GID> 8507 <YOB> 2099 <AGE> 62 <VCID> 262 <VISIT> [19078557, 19078559, 40221385, 19126173, 1560751, 19020053, 35605482, 939871, 44784779, 1113346, 1127433, 40167213, 36249737, 46275280, 1718752, 711586, 19131111, 43011850, 993653]
<GID> 8507 <YOB> 2138 <AGE> 44 <VCID> 262 <VISIT> [40166274, 40166275, 19068781, 40220357, 19077241, 36249687, 1718752, 1560751, 938330, 19095165, 35603556, 46287328, 19134047, 21125875, 44784779, 19041287, 19123592, 766820, 43258045, 1347386, 1127433, 19080129, 43613338, 43560451, 140673, 443597, 80180, 320128]
<GID> 8507 <YOB> 2062 <AGE> 52 <VCID> 9201 <VISIT> [40166274, 40166174, 19049684, 40220357, 19129446, 35605815, 19071700, 46275349, 36249737, 19127213, 43011850, 1113346, 948080, 1127433, 19019112, 19046742, 44784779, 938330, 1593611, 19080129, 42708743, 42629598, 37016349]
<GID> 8532 <YOB> 2105 <AGE> 38 <VCID> 8870 <VISIT> [40166274, 40166275, 19078557, 46275349, 19035247, 19135374, 40232756, 19123989, 21125875, 1113076, 1560751, 1127433, 19016865, 36249739, 35603636, 19095165, 19134047, 42708743, 1167323, 19107568, 43613338, 0, 43647680, 948080]
<GID> 8507 <YOB> 2038 <AGE> 77 <VCID> 262 <VISIT> [40163667, 40163567]
<GID> 8532 <YOB> 2104 <AGE> 21 <VCID> 581385 <VISIT> [19078557, 19078556, 40175001, 19016865, 40226969, 1593063, 35605844, 46287354, 1560751, 1718698, 19020053, 36249735, 19127213, 19112656, 43011850, 19134047, 1309992, 991764, 0, 948080, 1113346, 961050]
<GID> 8507 <YOB> 2089 <AGE> 87 <VCID> 581385 <VISIT> [40166274, 40166174, 19078557, 19019003, 19049684, 967434, 40221386, 0, 19127213, 46275280, 44784779, 1113346, 1167323, 19019112, 42708743, 19041287, 948080]
<GID> 8532 <YOB> 2104 <AGE> 40 <VCID> 8870 <VISIT> [40163667, 40163567]
<GID> 8532 <YOB> 2058 <AGE> 55 <VCID> 8883 <VISIT> [40166274, 40166275, 19068781, 40220357, 19071700, 1545997, 46275280, 35603429, 19135374, 19019418, 44784779, 938330, 43011850, 19127213, 433753, 4145513]
<GID> 8507 <YOB> 2111 <AGE> 66 <VCID> 8883 <VISIT> [19078557, 40173098, 46275400, 40220357, 19020053, 948890, 35606004, 19121580, 36249739, 19112656, 44784779, 1113346, 1560751, 1593611, 19134047, 134736, 712616, 43011884, 991764, 1309992, 961050, 19077546]
<GID> 8532 <YOB> 2071 <AGE> 83 <VCID> 581385 <VISIT> [40166274, 40166275, 19077241, 967434, 40232756, 43011850, 1560525, 19019418, 1593969, 19049686, 19135374, 35603556]
<GID> 8532 <YOB> 2128 <AGE> 52 <VCID> 262 <VISIT> [19078557, 19078554, 40221387, 40163667, 35603636, 19068781, 718754, 938330, 36249737, 0, 19112656, 46275280, 1593611, 19040187 <PROFILE> 2062 <GOB>: 1935 <CH> 2119 <ITEM> 4144 <939871> 81902 <NAME> M<VC> 581385 <CR> 8870 <IDID33> 38004207 <40221935> 35603227 <19058 <40163721, 1560751, 1707348, 19019112, 19134047, 19122506, 942384, 44784779, 43011884]
<GID> 8532 <YOB> 2106 <AGE> 64 <VCID> 8870 <VISIT> [40221385, 40163667, 40220357, 19135374, 967434, 19077463, 43011850, 35605844, 19075380, 1560525, 44784779, 711586, 1113346, 36249739, 19127213, 43530690, 4270024, 319835, 321052, 43021284, 433753, 4145513]
<GID> 8507 <YOB> 2116 <AGE> 65 <VCID> 8870 <VISIT> [19078557, 19078559, 40168991, 40220357, 35606006, 711620, 19019418, 46275349, 19068781, 939871, 36249739, 19127213, 442588, 319835, 4145513]
<GID> 8532 <YOB> 2069 <AGE> 88 <VCID> 262 <VISIT> [40166274, 40166275, 1560751, 19071700, 19068781, 967434, 40221350, 43011850]
<GID> 8532 <YOB> 2130 <AGE> 71 <VCID> 8870 <VISIT> [40221385, 40173098, 40221430, 19071700, 35603805, 19126405, 19020131, 42708743, 43011850, 19019112, 939871, 44784779, 19046742, 19127213, 46271075, 778765, 1377163, 1545996, 1113346, 1707346, 1308251, 1127433, 1593611, 4008576, 317002, 319835, 43531578, 444044, 196523, 42537730]
<GID> 8507 <YOB> 2094 <AGE> 56 <VCID> 581385 <VISIT> [19078557, 19078554, 40163667, 19049684, 948890, 36249739, 40221387, 19129446, 1707348, 1560751, 35603226, 19016865, 42708743, 963359, 987250, 19127213, 193688, 439777, 442077, 320128, 317576, 373182, 4082311, 433450, 197320, 201826, 45768910, 3760962, 432867]
<GID> 8507 <YOB> 2073 <AGE> 43 <VCID> 9201 <VISIT> [40166274, 40166276, 19022750, 19071700, 46275400]
<GID> 8532 <YOB> 2092 <AGE> 51 <VCID> 8870 <VISIT> [40166274, 40166174, 712616, 19068781, 19071700, 40220357, 35604998, 19126173, 36249687, 1560751, 1718698, 19041287, 44784779, 938330, 43011850, 948080, 46275280]
<GID> 8507 <YOB> 2066 <AGE> 69 <VCID> 581385 <VISIT> [40221384, 40163667, 19071700, 19068781, 1560751, 1593611, 35603636, 19019112, 43011884]
<GID> 8507 <YOB> 2089 <AGE> 88 <VCID> 581385 <VISIT> [40166274, 40166276, 19077241, 19049684, 19133574, 40220357, 46287384, 1593611, 36249687, 19135374, 1836434, 1718752, 44784779, 1127433, 1560751, 1551101, 1703691, 19019418, 43011850, 987250]
<GID> 8532 <YOB> 2083 <AGE> 70 <VCID> 8870 <VISIT> [40166274, 40166275, 19078557, 40220357, 19036004, 36249687, 19135374, 35603636, 939871, 19134047, 44784779, 1113346, 73820, 1167323, 43011884, 19016865, 19041287, 942384]
<GID> 8507 <YOB> 2090 <AGE> 64 <VCID> 8883 <VISIT> [19078557, 19078556, 40167196, 19036004, 19131111, 43011850, 40220388, 19126173, 1593063, 0, 46275280, 36249739, 35603636, 19127213, 37498700, 320128, 764123, 45768910, 444044, 314054, 440383, 437312, 2726351, 4282096, 433753, 4145513]
<GID> 8532 <YOB> 2104 <AGE> 21 <VCID> 38004207 <VISIT> [40221385, 40221901, 19078557, 1560751, 35603226, 19020131, 46275349, 19041287, 938330, 40167218, 19126405, 1593969, 1309992, 19134047, 1127433, 132797, 19016865, 43011850, 987250]
<GID> 8532 <YOB> 2055 <AGE> 74 <VCID> 581385 <VISIT> [40166274, 40166275, 19077241, 19129446, 40221384, 1560751, 46275280, 19127213, 134736, 43011850, 4008576, 318772, 436238, 43530621, 320128, 44784779, 37311319, 440383, 81902, 443238]
<GID> 8507 <YOB> 2123 <AGE> 64 <VCID> 8870 <VISIT> [40166274, 40166254, 19077241, 957136, 19133574, 35603636, 19016865, 40220357, 19129446, 1718752, 46275446]
<GID> 8507 <YOB> 2062 <AGE> 52 <VCID> 262 <VISIT> [40166274, 40166254, 40221385, 19071700, 19035247, 1714278, 967434, 35605941, 43011884, 948080, 19046742, 19127213, 434894, 197320, 254061, 4282096, 46271022, 764123, 132736, 442077, 4145513]
<GID> 8507 <YOB> 2070 <AGE> 67 <VCID> 8870 <VISIT> [40221385, 40163667, 19020053, 19071700, 46287328, 19016865, 1560751, 40231925, 19126173, 35605482, 44784779, 1113346, 938330, 19095165, 36249739, 1127433, 19134047, 19046742, 19123989, 43011850, 19080128]
<GID> 8507 <YOB> 2118 <AGE> 56 <VCID> 8870 <VISIT> [40166274, 40166174, 19078557, 40220357, 1560751, 19131111, 712616, 19049684, 939871, 44784779, 19095165, 1311178, 46287345, 35604323, 19127213, 319835, 4282096, 317002, 433753, 435243, 436096]
<GID> 8507 <YOB> 2059 <AGE> 72 <VCID> 262 <VISIT> [40166274, 40166174, 19078557, 1560751, 35606004, 46275400, 19020131, 939871, 1113346, 36249737, 40220357, 19135374, 1718752, 1593969, 42708743, 19016865, 42629598, 43613338, 4336096, 434894]
<GID> 8507 <YOB> 2066 <AGE> 69 <VCID> 581385 <VISIT> [19078557, 19078559, 40173098, 40220357, 19135374, 948890, 19020053, 712616, 1560525, 35604576, 19123989, 46275400, 36249739, 0, 1366754, 436659, 195581, 432585, 437827, 435243, 255573, 433753, 4145513, 4082311, 442077, 440383, 140673, 4008576, 37394658, 4282096, 37311319, 36712815, 45766207, 4270024, 4280354, 444100, 320128, 4193704, 4101282, 317576]
<GID> 8532 <YOB> 2119 <AGE> 29 <VCID> 8870 <VISIT> [40163667, 40163567]
<GID> 8507 <YOB> 2086 <AGE> 62 <VCID> 8870 <VISIT> [40166274, 40166275, 42708743, 19019003, 19074247, 40221859, 1560751, 46275280, 19123592, 132797, 19049024, 939871, 1113346, 35603636, 19019112, 43011850, 19134047, 19041287, 19095165, 1127433, 723042, 1332419, 19080128, 78232, 201826, 73576, 436962, 81902, 44784779, 45766207, 42629598, 433753, 4145513, 4154290, 4163872, 4241530, 255573, 43021284, 4008576]
<GID> 8532 <YOB> 2092 <AGE> 51 <VCID> 581385 <VISIT> [19078557, 40166274, 19078559, 19035247, 40220357, 36249687, 19135374, 21125875, 19137329, 19019418, 957136, 1560751, 35603226, 46275280, 19122506, 44784779, 764123, 1113346, 43011850, 991764, 961050]
<GID> 8507 <YOB> 2060 <AGE> 81 <VCID> 262 <VISIT> [40166274, 40166174, 40220357, 19135374, 35604576, 46275446, 19071700, 19080217, 19131111, 1113346, 766820, 19016865, 19041287, 43011850, 0, 19127213, 433736, 313217, 442077, 4154290, 255573, 197320]
<GID> 8507 <YOB> 2058 <AGE> 83 <VCID> 8870 <VISIT> [40166274, 40166174, 19068781, 19131111, 19071700, 42708743, 43011850, 991764, 1593611, 40221385, 46287349, 1560751, 35603226, 36249739, 19129446, 44784779, 938330, 1113346, 1127433, 19019112, 132797, 19123989, 43613338, 433753, 4145513, 42537730, 319835, 440383, 317576, 73565, 372588, 140673, 81902, 443597]
<GID> 8507 <YOB> 2062 <AGE> 78 <VCID> 262 <VISIT> [40166274, 40166174, 19071700, 40221350, 1560751, 35606004, 36249735, 46275280, 19127213, 44784779, 81902, 1127433, 764123, 432585, 45775137, 132797, 4008576, 433753, 4145513]
<GID> 8507 <YOB> 2123 <AGE> 51 <VCID> 8870 <VISIT> [40166274, 40166174, 19071430, 19065567, 42708743, 711620, 40221387, 35603636, 46287424, 19129446, 43011850, 991764, 987250]
<GID> 8507 <YOB> 2138 <AGE> 44 <VCID> 262 <VISIT> [40166274, 40166174, 19072176, 19068781, 40220357, 42708743, 19131111, 43011850, 991764, 35603636, 1560525, 19016865, 19041287, 19095165, 939871, 44784779, 1347386, 19080128, 43613338, 43560451, 19121580, 1127433, 1707348, 46287545, 36249739, 19129446, 37498700, 40071162, 800741, 45775137, 21125875, 433753, 4145513, 4154290, 319835, 43021283, 197320, 318800, 198571, 81902, 4082311, 255573, 4435]
<GID> 8507 <YOB> 2038 <AGE> 77 <VCID> 262 <VISIT> [40163667, 40163555, 19068781, 35603556, 1560525, 40229093, 19071700, 42708743, 36249737, 46275280, 19123989, 43011884, 942384]
<GID> 8507 <YOB> 2077 <AGE> 69 <VCID> 8870 <VISIT> [40221385, 40168991, 1560751, 40221805, 35606004, 19131111, 19129446, 19078557, 19049684, 939871, 46287349, 36249739, 19123989, 1309992, 1593611, 1707348, 43011850, 19016865, 43532878, 201826, 4282096, 140673, 4193704]
<GID> 8532 <YOB> 2092 <AGE> 50 <VCID> 581385 <VISIT> [19078557, 19078554, 40168991, 711620, 40220357, 36249687, 1560751, 1707346, 46275280, 1593698, 35603636, 19041287, 19020131, 938330, 993653, 19019112, 19127213, 19134047, 19080128, 942384, 44784779, 1127433, 43011850, 21125875, 1113346, 1167323, 43613338, 4145513]
<GID> 8507 <YOB> 2111 <AGE> 66 <VCID> 8883 <VISIT> [40166274, 19078557, 19065567, 40169231, 19016865, 967434, 19049684, 19135374, 35606006, 40232756, 43011850, 1560525, 19127213, 439777, 37016349, 140673, 45768910, 4145513]
<GID> 8532 <YOB> 2102 <AGE> 55 <VCID> 8870 <VISIT> [19078557, 19078556, 46275280, 40221385, 40163872, 1560751, 1718698, 1593969, 35603636, 36249737, 19135374, 968274, 1113076, 19020131, 19016865, 19137328, 1790982, 19095165, 21125875, 1328689, 19127213, 319835, 81902, 44784779, 764123, 4209423, 440383, 317576, 43531578, 443597, 432867, 140673, 433753, 4145513]
<GID> 8507 <YOB> 2050 <AGE> 67 <VCID> 262 <VISIT> [40163667, 40163500, 19049684, 40220357, 36249687, 35604323, 19065567]
<GID> 8507 <YOB> 2089 <AGE> 60 <VCID> 581385 <VISIT> [40166274, 40166174, 19049684, 40220357, 19135374, 968274]
<GID> 8507 <YOB> 2066 <AGE> 66 <VCID> 581385 <VISIT> [40221353, 40173098, 19078557, 19020131, 35603428, 46275280, 36249737, 40220357, 0, 19127213, 4295261, 319835, 4282096, 764123, 442077, 43011884, 43530690, 4241530, 4008576, 4232394, 42537730]
<GID> 8532 <YOB> 2105 <AGE> 38 <VCID> 8870 <VISIT> [40166274, 40166275, 19078557, 19019003, 19035247, 40221385, 1560751, 19016865, 19122506, 35605482, 46287328, 957136, 19134047, 43011884, 19046742, 1593611, 42708743, 991764, 798875, 715940, 45775137, 1113346, 435517, 132797, 442077, 196523, 433753, 4145513, 313217]
<GID> 8507 <YOB> 2086 <AGE> 62 <VCID> 581385 <VISIT> [40166274, 40166174, 19077241, 3560605728, 19041287, 40232756, 36249739, 19135374, 1560751, 19020053, 46275280, 19019418, 19134047, 19123592, 1127433, 1593611, 961050, 44784779, 938330, 778765, 43011850]
<GID> 8532 <YOB> 2075 <AGE> 81 <VCID> 8870 <VISIT> [40163667, 40163511, 35603556, 19078557, 967434, 40221385, 1718752, 19049684, 1593611]
<GID> 8532 <YOB> 2070 <AGE> 59 <VCID> 8870 <VISIT> [40166274, 40166276, 35603556, 19121580, 948890, 19095165, 19049684, 40220357, 19135374, 36249687, 46287349, 1560751, 44784779, 1113346, 1127433, 19016865, 19080128, 712620, 723042, 43011850, 19077546]
<GID> 8507 <YOB> 2058 <AGE> 83 <VCID> 8870 <VISIT> [19078557, 19078554, 40163667, 948890, 19126405, 40220357, 46287349, 1560751, 35603226, 44784779, 19020131, 1113346, 1136682, 1127433, 19016865, 19041287, 42708743, 1790982, 19123592, 43613338, 43560451, 43011850, 948080, 37498700, 711586, 1593969, 19134047, 1332419, 193688, 19268035, 255573, 140673, 440383, 320128, 4008576, 4082311, 433753, 4145513, 4171919]
<GID> 8532 <YOB> 2069 <AGE> 88 <VCID> 262 <VISIT> [40166274, 40166275, 19078557, 36249737, 40220357, 1560751, 1593611, 46275280, 19112656, 19019418, 43011850, 991764, 19046742, 35605858, 938330, 1127433, 1113346, 19080217, 948080]
<GID> 8507 <YOB> 2136 <AGE> 51 <VCID> 8870 <VISIT> [19078557, 19078554, 19049684, 40220357, 36249687, 19135374, 1718752, 1593063, 35605815, 40167213, 46287345, 1560751, 1127433, 19019418, 43011850, 993653, 987250]
<GID> 8507 <YOB> 2070 <AGE> 67 <VCID> 8870 <VISIT> [40221385, 19071700, 40169231, 19049684, 19126173, 36249737, 35604323, 40220357, 1718752, 938330, 19019418, 19041287, 19134047, 1560751, 1113076, 711620, 46275280, 1593611, 19122506, 44784779, 317002, 81902, 444044, 197320]
<GID> 8507 <YOB> 2062 <AGE> 78 <VCID> 262 <VISIT> [40166274, 40166174, 19068781, 36249737, 40221385, 0, 19127213, 42629468, 42708743, 376690, 44784779, 1113346, 938330, 19019112, 19074558, 961050, 1545997, 46275280, 35604323, 19041287, 711620, 723042, 19137328, 43011850]
<GID> 8532 <YOB> 2055 <AGE> 74 <VCID> 581385 <VISIT> [40166274, 40166275, 46275349, 19049684, 939871, 1707346, 19135374, 40221387, 1560751, 19016865, 766820, 35605728, 19074247, 19041287]
<GID> 8532 <YOB> 2058 <AGE> 55 <VCID> 8883 <VISIT> [40166274, 40166275, 19071700, 19049684, 19135374, 40221385, 1560751, 1718698, 35604998, 46287328, 19121580, 36249737, 0, 19134047, 1593611, 43613338, 43560451, 313217, 45766207, 44784779, 134736, 40072394, 444044, 764123, 4145513, 4163872, 4181965, 433753, 4282096, 4209423, 140673, 4150627, 4340383, 43021283, 4233565, 42707287, 42537730, 4177224, 317002, 4082311]
<GID> 8507 <YOB> 2075 <AGE> 72 <VCID> 8870 <VISIT> [19078557, 19078556, 40163667, 19131111, 36249737, 40220357, 46287330, 19121580, 953102, 19019113, 35606006, 1707346, 19016865, 43011850, 987250]
<GID> 8507 <YOB> 2123 <AGE> 51 <VCID> 8870 <VISIT> [19078557, 40173098, 19112656, 1560751, 19049684, 939871, 19071700, 19019112, 40221859, 1707348, 35605728, 46287384, 19065567, 42708743, 1593611, 19123592, 42629598, 43011850, 991764, 1167323, 942384, 19046742, 21125875, 44784779, 1113346, 19080128]
<GID> 8532 <YOB> 2031 <AGE> 82 <VCID> 262 <VISIT> [40163667, 40163567]
<GID> 8507 <YOB> 2049 <AGE> 67 <VCID> 8870 <VISIT> [40166274, 40166275, 40221385, 35605815, 46287330, 36249739, 19135374, 19020131, 19041287, 19019418, 19065567, 42708743, 19072176, 963359, 19082350, 987250]
<GID> 8507 <YOB> 2043 <AGE> 82 <VCID> 9201 <VISIT> [40166274, 40166275, 19071700, 19022750, 40220357, 939871, 46275349, 1560751, 1707346, 43011850, 948080, 993653, 19123989, 42708743, 19019112, 1167323, 1308972, 961050]
<GID> 8507 <YOB> 2062 <AGE> 78 <VCID> 262 <VISIT> [40166274, 40166174, 19068781, 35605482, 40220357, 19135374, 19071700, 1545996, 46275280, 44784779, 938330, 948080]
<GID> 8507 <YOB> 2125 <AGE> 60 <VCID> 262 <VISIT> [40166274, 40166174, 19129446, 948890, 19071700, 43011850, 40220388, 1560751, 46275280, 36249739, 19127213, 439777, 442019, 436659, 317576, 42537730, 320128, 4187218, 764123, 4241530]
<GID> 8507 <YOB> 2038 <AGE> 77 <VCID> 8870 <VISIT> [40221385, 40221785]
<GID> 8507 <YOB> 2033 <AGE> 78 <VCID> 8870 <VISIT> [40166274, 40166275, 19078557, 19065567, 35605728, 19019418, 46287345, 19041287, 44784779, 938330, 19127213, 444044, 319835, 197320, 4340383, 75860, 433753, 4145513]
<GID> 8507 <YOB> 2033 <AGE> 78 <VCID> 8870 <VISIT> [40163667, 19078557, 40166274, 46275349, 40220357, 19131111, 35603636, 44784779, 938330, 19020131, 43011884, 1396154, 19019112, 19046742, 19095165, 40071162, 319835, 37311319, 43530690, 4193704, 442019]
<GID> 8532 <YOB> 2106 <AGE> 64 <VCID> 8883 <VISIT> [40163667, 19078557, 40220357, 718754, 40173098, 19049684, 35606004, 46275349, 939871, 36249739, 19123592, 43613338, 43011850, 1560525, 19019112, 19134047, 19126173, 44784779, 1113346, 1127433, 19080128, 78232, 42708743, 4008576, 193782, 192450]
<GID> 8532 <YOB> 2031 <AGE> 82 <VCID> 262 <VISIT> [40166274, 40166276, 19019003, 40220357, 939871, 19049024, 35604321, 36249739, 19123592, 19134047, 132736, 19016865, 715940, 1127433, 19074558, 1308972, 19046742, 44784779, 1113346, 1038330, 19095165, 942384, 40072394, 0, 46275280, 442077, 2714304, 320128, 37017432, 2514402, 4145513, 4177224]
<GID> 8532 <YOB> 2130 <AGE> 71 <VCID> 8870 <VISIT> [40221385, 40163667, 19078557, 19016865, 40220357, 35604321, 1560525, 19123989, 1113076, 44784779, 938330, 1593611, 137907, 19019113, 1127433, 1167323, 43011884, 45775137, 441829, 201826, 4193704, 46271022, 2726351, 2742739, 261600, 433753, 4145513, 4154290, 4181965, 4209423, 435243, 140673, 4282096, 4170024, 436659, 255573, 374053, 42537730, 4082311]
<GID> 8507 <YOB> 2054 <AGE> 79 <VCID> 8883 <VISIT> [40166274, 40166174, 46275280, 19121580]
<GID> 8507 <YOB> 2059 <AGE> 72 <VCID> 8870 <VISIT> [19078557, 19078556, 40175001, 19098474, 36249737, 19123592, 40221386, 953102, 19129446, 35603636, 46275280, 1593698, 1113346, 961050, 19041287, 44784779, 1167323, 1560525, 43011884, 1332419, 19016865, 43613338, 43560451, 4335825]
<GID> 8507 <YOB> 2054 <AGE> 80 <VCID> 262 <VISIT> [40166274, 40166174, 19071700, 19131111, 46287328, 40221385, 35603556, 19041287, 19020053, 1377163, 19123038, 19016865, 40072394, 43011850, 19126173, 1593611, 437827, 197320, 444044, 440383, 317576, 43531578, 2792053]
<GID> 8532 <YOB> 2075 <AGE> 81 <VCID> 8870 <VISIT> [40166274, 40166275, 19078557, 19065567, 19020053, 19016865, 40220357, 35603433, 19131111, 46275446, 36249739, 19135374, 938330, 1718752, 1127433]
<GID> 8507 <YOB> 2138 <AGE> 44 <VCID> 262 <VISIT> [40221385, 40166274, 19071700, 40220357, 1560751, 35603556, 46287424, 1593969, 19020131, 19126173, 939871, 19134047, 43011850, 19095165, 991764, 1396154, 963359, 1309992, 19016865, 19009384, 1113346, 0, 948080, 442077, 320128, 739209, 4145513, 437827, 433753, 436962, 43531578, 37017432, 42537730, 4008576, 4209423, 197320, 4282096, 140673, 81902, 2744175, 2786476, 4082311, 254541, 201826]
<GID> 8507 <YOB> 2073 <AGE> 44 <VCID> 8870 <VISIT> [40166274, 40166276, 19078557, 40221385, 19129446, 36249687, 948890, 1560751, 35603226, 19020131, 46275280, 44784779, 1113346, 1127433, 1167323, 1707348, 19016865, 42708743, 19095165, 19134047, 43011850, 4008576, 317002, 313217, 37016349, 2717406, 2741852, 43530690, 254061, 433753, 4145513, 4154290, 4101362, 436659, 42536500, 4209423, 140673, 4282096, 440383]
<GID> 8507 <YOB> 2111 <AGE> 66 <VCID> 8883 <VISIT> [40166274, 40166275, 19078557, 19016865, 46287349, 1560751, 35603227, 43011884, 19122506, 40220394, 939871, 19049024, 1113346, 961050, 36249739, 40072394, 19095165, 19134047, 1593611, 1396154, 766820, 19082350]
<GID> 8507 <YOB> 2038 <AGE> 77 <VCID> 262 <VISIT> [40166274, 40166254, 1560751, 1707348, 46275349, 40221350, 19020053, 35606004, 19019418, 19041287, 948080, 0, 19131009, 19127213, 45775137, 43613338, 193782, 320128, 437827, 372887]
<GID> 8532 <YOB> 2094 <AGE> 48 <VCID> 262 <VISIT> [40166274, 40166275, 40221385, 19131111, 35603556, 19135374, 36249735, 1718752, 19074247, 19020131, 1560751, 46275280, 19122506, 1127433, 957136, 1113346, 43011850, 948080]
<GID> 8507 <YOB> 2043 <AGE> 82 <VCID> 9201 <VISIT> [40166274, 40166275, 19126173, 40220357, 35605728, 19065567, 42708743, 19049684, 19071700, 711586, 19131111, 1308251, 1396154, 1332419, 43011850, 46275280, 19016865, 19095165, 961050]
<GID> 8507 <YOB> 2079 <AGE> 67 <VCID> 8883 <VISIT> [19078557, 19078556, 40173098, 40220357, 19135374, 967434, 36249687, 19020131, 46275647, 1707348, 35605728, 1560751, 19134047, 1308251, 132797, 19127213, 44784779, 1127433, 711586, 723042, 732893, 320128]
<GID> 8507 <YOB> 2033 <AGE> 78 <VCID> 8870 <VISIT> [19078557, 19078556, 40169231, 19019113, 1560525, 1718752, 36249737, 40221385, 19131111, 711620, 1113346, 19080217, 35605482, 44784779, 938330, 19019418, 1127433, 1309992, 1332419, 19080128, 21125875, 46275280, 19123989, 40072394, 42537730, 254061, 433753, 4145513, 4082311, 4177224, 4163872, 4209423, 4213288, 4056681, 43530690, 432867, 442077, 4193704, 197320]
<GID> 8532 <YOB> 2119 <AGE> 28 <VCID> 8870 <VISIT> [40221385, 40163667, 42708743, 19072176, 46287349, 44784779, 1113346, 938330, 19095165, 35605815, 36249737, 19126173, 19020053, 19134047, 40232756, 1707348, 1396154, 19127213, 444044, 432867]
<GID> 8532 <YOB> 2067 <AGE> 68 <VCID> 8883 <VISIT> [40221385, 40163667, 19072176, 46275349, 40220357, 1560751, 19020053, 19131111, 953102, 36249737, 35603636, 19016865, 19129446, 1707346, 44784779, 1113346, 1127433, 19041287, 21125875, 19061089, 19123989]
<GID> 8507 <YOB> 2062 <AGE> 52 <VCID> 9201 <VISIT> [40166274, 40166174, 19078557, 948890, 19019113, 19019418, 1560751, 46275280, 1593611, 40221385, 44784779, 1113346, 1167323, 19095165, 1127433, 987250, 19080128, 942384, 43011850]
<GID> 8507 <YOB> 2038 <AGE> 79 <VCID> 262 <VISIT> [40163667, 40163567]
<GID> 8532 <YOB> 2055 <AGE> 80 <VCID> 581385 <VISIT> [19078557, 40163667, 19078554, 35602744, 46275446, 36249752, 19129446]
<GID> 8532 <YOB> 2059 <AGE> 78 <VCID> 8870 <VISIT> [40221385, 40163667, 19068781, 19131111, 1396154, 35605511, 44784779, 73820, 1127433, 19077513, 938330, 961050, 19016865, 36249739, 19129446, 40220388, 1593611]
<GID> 8532 <YOB> 2067 <AGE> 70 <VCID> 581385 <VISIT> [40166274, 40166174, 19078557, 19065567, 42708743, 19049684, 19131111, 40220357, 44784779, 1113346, 712616, 938330, 36249739, 19127213, 318800, 444044, 440383, 43530637, 436096, 4150627, 37017432, 313217, 132797, 4145513]
<GID> 8507 <YOB> 2096 <AGE> 64 <VCID> 8870 <VISIT> [40166274, 40166174, 40221386, 19126173, 1718752, 1593063, 19131111, 35604998, 19019418, 967434, 36249737, 0, 19127213, 46275280, 19074247, 19020131, 43011850, 19046742, 42708743, 1113346, 961050]
<GID> 8532 <YOB> 2079 <AGE> 69 <VCID> 581385 <VISIT> [40166274, 40166275, 19078557, 40220357, 36249687, 19135374, 1560751, 1593969, 35605815, 44784779, 938330, 19020131, 1113346, 1127433, 1167323, 46275280, 132797, 19127213, 442077, 320128, 197320, 433753, 4145513]
<GID> 8532 <YOB> 2104 <AGE> 40 <VCID> 38004207 <VISIT> [40166274, 40166174, 19049684, 42708743, 19019072, 40221387, 1560751, 35603226, 43011884, 46275280, 19078557, 19065567, 36249737, 19127213, 193782, 434610, 443447, 43530690, 37017432, 42537730, 766820, 4181965, 255573, 433753, 4145513]
<GID> 8507 <YOB> 2136 <AGE> 44 <VCID> 8870 <VISIT> [40166274, 40166174, 19078557, 40221385, 19135374, 1718752, 1560751, 1593611, 35603226, 46275280, 19041287, 44784779, 1113346, 938330, 19080128, 19095165, 1127433, 19019418, 36249739, 19126731, 42708743, 43530690, 43011850, 752095, 19268047, 440383, 436659, 317002, 443733]
<GID> 8507 <YOB> 2138 <AGE> 44 <VCID> 262 <VISIT> [40166274, 40166174, 19071700, 19016865, 19049684, 19126173, 1560751, 36249735, 40221386, 0, 19127213, 46275280, 35603433, 133217, 436096, 140352, 44784779, 1113346, 938330, 40072394, 19095165, 19080128, 19041287, 21125875, 319835]
<GID> 8532 <YOB> 2031 <AGE> 82 <VCID> 262 <VISIT> [40221385, 40163667, 711620, 19071700, 19016865, 19049684, 19126173, 36249687, 40220357, 939871, 19134047, 35606006, 44784779, 1113346, 1127433, 1309992, 19041287, 320128, 373995, 4229440, 37017432, 42707287, 43258045, 2726351, 2788037, 140673, 197320]
<GID> 8507 <YOB> 2090 <AGE> 64 <VCID> 8883 <VISIT> [40163667, 19078557, 705108, 19049684, 40220357, 1560751, 35603226, 19134047, 36249687, 19135374, 21125875, 19127213, 1127433, 40167213, 19016865, 1113346, 1167323, 1593611, 43011850, 993653, 19057568, 40072394, 939871, 1309992, 942384, 19008723, 1707348, 0, 46275280, 19046742, 44784779, 1790982, 1836434, 36712779, 45766207, 19080129, 43613338, 43560451, 19095165, 1332419, 192450]
<GID> 8532 <YOB> 2075 <AGE> 81 <VCID> 8870 <VISIT> [40221385, 40166274, 40220357, 46275349, 35603805, 1560751, 1593063, 19020131, 19077241, 1718752, 19016865, 939871, 43011850, 1113346, 19019113, 991764, 19122506, 19134047, 40072394, 764123, 439777, 320128, 436962, 318800, 444044, 4082311, 4282096, 197320, 198571, 4181965, 4145513, 4126492, 4193704, 433753, 444101, 440383, 435796, 4222094]
<GID> 8507 <YOB> 2099 <AGE> 62 <VCID> 262 <VISIT> [19078557, 40166274, 19078556, 19035247, 19129446, 40220357, 1560751, 46275280, 19041287, 1113076, 44784779, 938330, 43011884, 991764, 19019418, 132797, 19123989, 140673, 440383, 4282096, 443597]
<GID> 8532 <YOB> 2103 <AGE> 86 <VCID> 262 <VISIT> [19078557, 19078556, 40166274, 1560751, 40221385, 46275349, 35605728, 36249739, 19135374, 1718752, 19019418, 1593969, 939871, 19049024, 1113346, 707348, 43011850, 1332419, 19127213, 44784779, 319835, 197320, 201826, 4282096, 2726351, 2788038, 4305794, 43531578, 442588, 4111326]
<GID> 8507 <YOB> 2049 <AGE> 64 <VCID> 9201 <VISIT> [40166274, 40166174, 19078557, 19036004, 19126173, 40220357, 1593611, 35606006, 44784779, 938330, 19080128, 43011884, 19016865, 21125875, 19137329, 712616, 436659, 372887, 255573, 433753, 4145513, 4008576, 46271022, 42537730, 4245975]
<GID> 8507 <YOB> 2059 <AGE> 72 <VCID> 262 <VISIT> [40166274, 40166275, 19078557, 19019113, 40220357, 46275349, 36249687, 19121580, 19020053, 1545996, 19134047, 1707348, 1127433, 1167323, 19016865, 1593969, 43011850, 991764, 19046742, 1790982, 1113346, 961050]
<GID> 8507 <YOB> 2096 <AGE> 64 <VCID> 8870 <VISIT> [19078557, 19078556, 40163667, 19016865, 40221386, 19129446, 1560751, 46275280, 1593698, 35603226, 36249737, 44784779, 1113346, 938330, 19134047, 43011850, 993653, 948080]
<GID> 8532 <YOB> 2145 <AGE> 53 <VCID> 581385 <VISIT> [19078557, 40163667, 19078556, 46275349, 19075380, 19126173, 35603636, 40220357, 939871, 1718752, 19019112, 19009110, 1560525, 40072394, 711620, 1113346, 44784779, 19095165, 43613338, 45775137, 1790982, 1593969, 19041287, 1127433, 1309992, 43011850, 19127213, 13473611, 319835, 433753, 4145513]
<GID> 8507 <YOB> 2073 <AGE> 69 <VCID> 8870 <VISIT> [40166274, 40166275, 19071700, 40221385, 0, 1560751, 19126405, 46275349, 36249687, 19123592, 42708743, 1113346, 938330, 35605859, 19041287, 44784779, 948080, 711586, 19080217, 1593611, 43011850, 991764, 19019418, 1308251, 19134047, 1396154, 961050]
<GID> 8532 <YOB> 2106 <AGE> 64 <VCID> 8883 <VISIT> [40166274, 40166174, 19078557, 712616, 19049684, 967434, 19019112, 46275446, 40220357, 19135374, 35603636, 36249737, 21125875, 44784779, 1113346, 1127433, 1167323, 1560525, 19134047, 1308251, 1328689, 43011850, 19037568, 43613338, 19127213, 318800, 4209423, 320128, 377092, 4145510, 433753, 4305794, 317009, 4193704, 45768910]
<GID> 8507 <YOB> 2052 <AGE> 77 <VCID> 9201 <VISIT> [40166274, 40166174, 19077463, 19019003, 1560751, 36249737, 19122506, 35605482, 44784779, 1113346, 938330, 43011884, 19016865, 19080217, 1718698, 46287424, 40220357, 1593611, 42708743, 1396154, 1790982, 715940, 19095165, 19041287, 320128, 433753, 4145513, 4131917, 197320, 442019, 45768910, 440383, 443238, 4233565]
<GID> 8532 <YOB> 2059 <AGE> 78 <VCID> 8870 <VISIT> [40166274, 40166276, 19068781, 19071700, 42708743, 40221350, 1560751, 1707348, 19016865, 1113076, 21125875, 36249737, 35603636, 19129446, 938330, 19095165, 711620, 46287349, 43011850]
<GID> 8532 <YOB> 2079 <AGE> 68 <VCID> 8870 <VISIT> [40166274, 40166174, 19071700, 19065567, 957136, 40232756, 46287384, 19019113, 35603429, 36249739, 21125875, 19041287, 19123592, 19020131, 43011850, 993653, 19095165, 19134047, 1167323, 1113346, 961050]
<GID> 8507 <YOB> 2134 <AGE> 67 <VCID> 8870 <VISIT> [40163667, 40163473, 718754, 19071700, 36249737, 40220357, 957136, 19135374, 35603636, 1718752, 1593969, 44784779, 1113346, 19080217, 43011850, 19041287, 19127213, 254061, 140673, 433753, 4145513]
<GID> 8507 <YOB> 2049 <AGE> 66 <VCID> 581385 <VISIT> [40166274, 40166254, 19071700, 40221387, 1366754, 46275349, 35604998, 19040187]
<GID> 8507 <YOB> 2125 <AGE> 60 <VCID> 8870 <VISIT> [40166274, 19078557, 40166174, 948890, 19049684, 1545997, 46275280, 40221385, 19134047, 35603636, 44784779, 1113346, 1127433, 19127213, 40072394, 440383, 197320, 133596, 45768910, 319835, 140673, 436962, 317576, 432867, 443597, 4145513]
<GID> 8532 <YOB> 2064 <AGE> 46 <VCID> 8870 <VISIT> [40166274, 40166174, 1560751, 1718698, 19080217, 46275280, 35605815, 19071700, 19065567, 42708743, 40232756, 19129446, 19131111, 19019112, 43011850, 942384, 967434, 993653, 1332419, 19127213, 255573, 81902, 764123, 433753, 4145513]
<GID> 8507 <YOB> 2085 <AGE> 34 <VCID> 262 <VISIT> [40166274, 40166174, 19078557, 1560751, 40220357, 46287328, 19121580, 35603433, 19131111, 938330, 36249739, 19135374, 1718752, 1593969, 19016865, 19020131, 43011884, 766820, 78232, 1127433]
<GID> 8507 <YOB> 2073 <AGE> 44 <VCID> 8870 <VISIT> [40166274, 40166174, 19019113, 40221385, 19071430, 46275349, 1347387, 19131111, 35604322, 36249737, 40072394, 43011850, 1560751, 19123989, 19019418, 19049024, 939871, 1593611, 42708743, 963359, 715303, 1718698, 1790982, 19080129, 1127433, 948080, 993653, 19046742, 19095165, 1309992, 987250]
<GID> 8532 <YOB> 2097 <AGE> 78 <VCID> 8870 <VISIT> [40163667, 40163567]
<GID> 8507 <YOB> 2062 <AGE> 78 <VCID> 9201 <VISIT> [40221385, 40163667, 19078557, 19068781, 40232756, 44784779, 938330, 19095165, 19121580, 36249739, 0, 46275280]
<GID> 8532 <YOB> 2094 <AGE> 51 <VCID> 262 <VISIT> [40221385, 40163667, 19071700, 711620, 40231925, 19131111, 19126405, 1593063, 1113346, 19075380, 939871, 36249737, 1560751, 46275280, 19041287, 44784779, 313217, 442019, 433753, 4145513, 4126492, 43531578, 254061, 198771, 37498700]
<GID> 8532 <YOB> 2120 <AGE> 58 <VCID> 581385 <VISIT> [19078557, 40163667, 19078554, 40232756, 1714303, 1560751, 19020131, 36249737, 19135374, 968274, 993653, 35603226, 46275280, 43011850, 1127433, 19095165, 718754, 1347386, 19019418, 40072394, 1593969, 42707287, 1790982, 19041287, 44784779, 1113346, 1167323, 19127213, 140673, 436659, 255573, 4282096, 43530690, 433753, 4145513]
<GID> 8532 <YOB> 2130 <AGE> 71 <VCID> 8883 <VISIT> [40221385, 40222663, 19126405, 19020053, 35603636, 36249735, 19123989, 19071700, 967434, 1560525, 19019418, 46275349, 1593611, 1551101, 1113346, 40174776, 766820, 19131111, 43011850, 948080, 0, 1332419, 1363633, 1309992, 1366754, 1127433]
<GID> 8532 <YOB> 2061 <AGE> 59 <VCID> 8870 <VISIT> [40166274, 40166174, 19078557, 19049684, 19131111, 35603636, 948890, 36249737, 40221385, 19135374, 1593611, 46275280, 19127213, 433736]
<GID> 8507 <YOB> 2085 <AGE> 34 <VCID> 8870 <VISIT> [40221385, 40173098, 19019072, 19049684, 36249739, 35603556, 1560751, 46275280, 40221859, 1718698, 1593611, 19077548, 1127433, 43011850, 991764, 987250]
<GID> 8507 <YOB> 2099 <AGE> 62 <VCID> 262 <VISIT> [40163667, 40163567]
<GID> 8507 <YOB> 2066 <AGE> 69 <VCID> 262 <VISIT> [40166274, 40166174, 19071700, 19131111, 40220357, 36249687, 19135374, 35605815, 1707346, 46275280, 43011850, 948080]
<GID> 8532 <YOB> 2130 <AGE> 71 <VCID> 8870 <VISIT> [40163667, 40163567]
<GID> 8507 <YOB> 2118 <AGE> 56 <VCID> 8870 <VISIT> [19078557, 19078556, 40220357, 19135374, 46275446, 35603636, 40169924, 19019418, 19049684, 939871, 711586, 1593611, 1560751, 1718698, 43011884, 0, 19127213, 4353709, 444101, 45766207, 42708743, 4282096, 320128, 433753, 4145513]
<GID> 8507 <YOB> 2136 <AGE> 44 <VCID> 8870 <VISIT> [19078557, 19078556, 40173098, 46287330, 19016865, 43011850, 35603805, 44784779, 938330, 19122506, 1113346, 1309992, 1539463, 19134047, 1707346, 19020131, 36249737, 40221385, 0, 1366754, 19009112, 42708743, 948080, 37498700, 442019, 320128, 433753, 4145513, 4056681, 4282096, 4008576, 81902, 764123, 2726186, 2786472]
<GID> 8507 <YOB> 2079 <AGE> 67 <VCID> 8883 <VISIT> [19078557, 19078554, 40173098, 1560751, 40220357, 19036004, 35603805, 36249737, 46287349, 19129446, 1707348, 1593969, 19123989, 957136, 1113346, 1309992, 19134047, 1332419, 19016865, 19095165, 715940, 43011884, 948080, 78232, 44784779, 19041287, 43613338, 442019, 132797, 440383, 433753, 4145513, 4181965, 37017432, 43531578, 197320, 319835, 4154290, 4282096, 4008576, 4270024, 81902, 317002, 42094]
<GID> 8507 <YOB> 2115 <AGE> 70 <VCID> 8883 <VISIT> [19078557, 19078559, 40163667, 46287328, 19065567]
<GID> 8532 <YOB> 2074 <AGE> 63 <VCID> 9201 <VISIT> [40166274, 40166276, 19071700, 1555142, 19022750, 19131111, 40220357, 44784779, 1113346, 938330, 1593611, 19019112, 19123038, 42708743, 19041287, 19095165, 35605482, 19129446, 1707346, 711620, 723042, 46287545, 36249735, 43011884, 19057568, 0, 948080, 1127433, 1366754, 320128, 255573, 436962, 433753, 4145513, 4154290, 4171917, 435243, 37017432, 45766207, 4282096, 4008576, 444044, 197320]
<GID> 8532 <YOB> 2084 <AGE> 93 <VCID> 8870 <VISIT> [40166274, 40166275, 19071700, 19065567, 42629598, 42708743, 19016865, 40232700]
<GID> 8507 <YOB> 2136 <AGE> 44 <VCID> 262 <VISIT> [40166274, 40166174, 19078557, 40221385, 1560751, 1718698, 1593611, 19131111, 43011850, 46275280, 19016865, 42707287, 35603556, 44784779, 1113346, 938330, 19080217, 1127433, 1311586, 19127213, 317009, 764123, 43530690, 45768812, 193782, 253962, 4008576, 192340]
<GID> 8507 <YOB> 2130 <AGE> 59 <VCID> 8883 <VISIT> [40221385, 19078557, 40175001, 19049684, 712616, 35605482, 46275280, 36249737, 40220357, 19127213, 439215, 442588, 140673, 272787, 4145513]
<GID> 8532 <YOB> 2061 <AGE> 59 <VCID> 8870 <VISIT> [40166274, 40166275, 46275349, 19035247, 35605859, 19071700, 19131111, 712916, 36249737, 40220357, 957136, 19135374, 1718752, 1593969, 19123038, 19016865, 1399178, 1127433, 1545996, 43011850, 40071162, 991764, 987250]
<GID> 8507 <YOB> 2073 <AGE> 44 <VCID> 8870 <VISIT> [40166274, 40166276, 19071700, 19065567, 712616, 40220357, 35603556, 19020053, 19019112, 19041287, 43011884, 46275280, 19131111, 19126173, 1113346, 36249739, 19127213, 318800, 437312, 442077, 313217, 374061, 2744351, 436659, 45768910, 43560451, 254573, 317009, 433753, 4145513]
<GID> 8507 <YOB> 2060 <AGE> 81 <VCID> 262 <VISIT> [40221385, 40173098, 19049684, 19135374, 19071700, 46275349, 44784779, 1113346, 938330, 711586, 40232756, 1593611, 19016865, 42707287, 19046742, 36249735, 0, 19127213, 4193704, 377091, 432867, 440383, 4101362, 4145513]
<GID> 8532 <YOB> 2130 <AGE> 71 <VCID> 8883 <VISIT> [40166274, 40166275, 19071700, 46287330, 40220357, 35603636, 967434, 19123592, 19016865, 44784779, 19049024, 1707346, 36249735, 1560751, 19112656, 1790982, 711620, 963359, 43011850, 993653, 1593611, 132797, 320128, 318800, 42537730]
<GID> 8507 <YOB> 2052 <AGE> 78 <VCID> 8870 <VISIT> [40166274, 40166174, 19071700, 46275349, 1560751, 19016865, 19049686, 35605482, 21125875, 19123592, 44784779, 1113346, 938330, 19095165, 132797, 1127433, 19080128, 1707346, 40223901, 19046742, 705108, 43011850, 19057568, 19134047, 19126405, 36249737, 40071162, 45766207, 37017432, 42707287, 78232, 4145513, 433753, 442019, 43530690, 4209423, 436659, 81902, 319835, 255573, 318800, 321317, 4181965,]
<GID> 8532 <YOB> 2031 <AGE> 82 <VCID> 262 <VISIT> [40163667, 40166274, 19071700, 19068781, 1560525, 40229093, 35603429, 19019113, 46275446, 21125875, 19041287, 942384, 938330, 1127433, 19131111, 43011850, 991764, 19127213, 43613338, 43530690, 37016349, 320128, 442077, 44784779, 4282096, 314665, 433753, 4145513]
<GID> 8532 <YOB> 2120 <AGE> 58 <VCID> 581385 <VISIT> [40221386, 40221904, 19078557, 40166825, 19049684, 19129446, 711620, 35605844, 19019112, 19123038, 19131111, 44784779, 938330, 43011850, 991764, 1396154, 46275280, 1593611, 1560525]
<GID> 8532 <YOB> 2094 <AGE> 51 <VCID> 262 <VISIT> [40166274, 40166174, 711620, 35603429, 19041287, 19071700, 19131111, 967434, 19049684, 46275349, 40220357, 36249687, 19135374, 1718752, 1593969, 19121580, 43011850, 1113346, 948080]
<GID> 8507 <YOB> 2116 <AGE> 65 <VCID> 8870 <VISIT> [40166274, 40166276, 19077241, 1560751, 35603226, 46275349, 1707346, 19020053, 19135374, 40221385, 36249687, 19123592, 43011850, 19019418, 1167323, 19134047, 1593969, 1127433, 715940, 1790982, 957136, 43613338, 434610, 444044, 4145513, 4008576, 440383, 81902, 443238, 134736, 201826, 4154290, 4193704, 4241530, 433753, 4229440]
<GID> 8532 <YOB> 2071 <AGE> 83 <VCID> 8883 <VISIT> [40221385, 40163667, 46275349, 19049684, 36249687, 35603556, 19121580, 19072176, 40226969, 19135374, 1560751, 1593969]
<GID> 8507 <YOB> 2062 <AGE> 78 <VCID> 262 <VISIT> [40166274, 40166174, 40221385, 36249687, 19135374, 1718752, 19077513, 1545996, 19020053, 46287345, 19137329, 1593969, 44784779, 938330, 961050, 19016865, 19123038, 19046742, 40072394, 42629597, 42708743, 43011850]
<GID> 8507 <YOB> 2062 <AGE> 52 <VCID> 262 <VISIT> [40221385, 40163667, 36249737, 19074247, 19020131, 40231925, 19126405, 35606004, 1560751, 46275280, 19041287, 44784779, 938330, 19019112, 717166, 1707346, 1113346, 1309992, 19082350, 1127433, 19134047, 43011850]
<GID> 8507 <YOB> 2052 <AGE> 76 <VCID> 9201 <VISIT> [40166274, 40166174, 40220357, 35604998, 19071700, 19131111, 19016865, 42707287, 19049684, 36249737, 939871, 711586, 43011884, 993653, 987250, 19127213, 44784779, 1113346, 43613338, 0, 948080, 1366754, 4145513]
<GID> 8507 <YOB> 2075 <AGE> 72 <VCID> 581385 <VISIT> [40166274, 40166275, 19071700, 19126405, 19049684, 40220357, 939871, 35606006, 46275349, 36249735, 0, 948080, 19127213, 432867, 320128, 433736, 43531578, 254061, 442077, 436659, 433753, 4145513]
<GID> 8507 <YOB> 2038 <AGE> 77 <VCID> 8870 <VISIT> [40166274, 40166276, 19078557, 19068781, 42708743, 40220357, 1560751, 46275280, 19112656, 35603226, 19127213, 44784779, 938330, 1127433, 132797, 43530742, 442588, 201826, 77670, 436659, 433753, 4145513]
<GID> 8507 <YOB> 2125 <AGE> 42 <VCID> 262 <VISIT> [40221385, 19078557, 19068781, 40173098, 19131111, 35604321, 46287330, 712616, 43011850, 1560525, 939871, 19016865, 21125875, 19095165, 42708743, 40220357, 19123989, 132797, 43530690, 433736, 2514402]
<GID> 8532 <YOB> 2031 <AGE> 82 <VCID> 262 <VISIT> [40166274, 40166174, 19078557, 46275430, 19127213, 37017432, 19080217, 35603556, 19041287, 1113346, 40226969, 44784779, 938330, 961050, 711620, 785740, 1593611, 19126173, 1560525, 1551101, 43011884, 19134047, 19056742, 0, 42707287, 1790982, 19016865, 19065567, 43613338, 42873647, 1366754, 19080129, 43530690, 4145513]
<GID> 8507 <YOB> 2094 <AGE> 57 <VCID> 8870 <VISIT> [40221385, 40173098, 19071700, 19049684, 19126405, 939871, 40220357, 35606006, 1560751, 36249735, 19123989, 46275280, 1718752, 19016865, 42708743, 19095165, 19134047, 19041287, 44784779, 1113346, 1127433, 715940, 1593611, 19080128, 42629598, 43613338, 45775137, 43258045, 4008576, 443597, 320128]
<GID> 8507 <YOB> 2030 <AGE> 84 <VCID> 8870 <VISIT> [40166274, 40166276, 19078557, 40221387, 1593063, 1560751, 35603226, 19020131, 711620, 19019113, 19016865, 46287349, 43011850, 1718698, 19131111, 1136682, 19095165, 1127433, 938330, 36249737, 19127213, 43532878, 319835, 255573, 42537730, 435243, 201826, 4243565]
<GID> 8532 <YOB> 2066 <AGE> 89 <VCID> 581385 <VISIT> [40166274, 40166276, 19071700, 711620, 19131111, 46275349, 36249737, 40220357, 1560751, 19020053, 21125875, 953102, 44784779, 1113346, 19019112, 19041287, 43011850, 948080, 35603556, 19112656, 19127213, 43613338, 43560451, 433450, 4145513]
<GID> 8532 <YOB> 2094 <AGE> 51 <VCID> 262 <VISIT> [40166274, 40166174, 19071700, 19068781, 1560525, 1593611, 19127213, 432867, 4353709, 442077, 435515, 433753, 4145513]
<GID> 8507 <YOB> 2043 <AGE> 70 <VCID> 38004207 <VISIT> [40166274, 40166174, 19075601, 19077241, 711620, 1113346, 938330, 40232756, 19126405, 46275647, 35606006, 19041287, 44784779, 1127433, 19019112, 1545997, 43613338, 4335825, 42537730, 43560451, 36249739, 19127213, 317002, 4008576, 440674, 37498700, 373995, 255573, 134062, 320128, 442019]
<GID> 8507 <YOB> 2116 <AGE> 65 <VCID> 8870 <VISIT> [40163667, 40163818, 35603636, 1560751, 40221386, 19131111, 19020053, 19072176, 36249687, 19135374, 1718752, 46287328, 1328689, 1593969, 19019418 to 40164021, 44784779, 938330, 19080128 to 1113346, 961050, 19046742, 766820, 1113076, 43613338, 43530690, 19123592, 317576, 201826, 37017432, 444044, 254061, 314666, 433753, 4145513, 4163951, 4154290, 440383, 432867]
<GID> 8507 <YOB> 2062 <AGE> 78 <VCID> 262 <VISIT> [19078557, 19078554, 40175218, 36249739, 40220357, 19135374, 1593611, 957136, 19020131, 19016865, 1718698, 46275280, 19127213, 44784779, 1113346, 715940, 8018038, 40071162, 140673, 43011850, 37017432, 255573, 318800, 436222, 314666, 443597, 37311319, 45768910, 196528, 4150768, 435796, 4209423, 43030328]
<GID> 8507 <YOB> 2030 <AGE> 84 <VCID> 8870 <VISIT> [40166274, 40166174, 19071700, 19016865, 19049684, 939871, 19019113, 40221385, 35603636, 1560751, 46275280, 36249739, 1718752, 0, 1366754, 19127213, 316139, 317002, 320128, 44784439]
<GID> 8532 <YOB> 2092 <AGE> 48 <VCID> 581385 <VISIT> [40166274, 40166275, 19072176, 711620, 939871, 19068781, 35603556, 46287354, 40221387, 1560751, 1707348, 19019418, 19041287 <GOB1925> 2149 <OB > 2079 <EAR> 88 <60YEAR <2> 2119 <age> 59 <CR> 9201 <8> 401749791 <ID36> 81902 <509824> 435515 <89095 <911216]
<GID> 8507 <YOB> 2090 <AGE> 64 <VCID> 8883 <VISIT> [19078557, 19078554, 40168991, 19135374, 40221385, 953102, 35603556, 1560751, 19134047, 1707348, 43011850, 991764, 46287345, 19019112, 19095165, 19049686, 715940, 1127433, 1113346, 1167323, 961050]
<GID> 8532 <YOB> 2145 <AGE> 56 <VCID> 262 <VISIT> [40166274, 40166174, 19035247, 46275349, 40220357, 19126173, 19077548, 766820, 967434, 36250141, 19127213, 439408, 442077, 319835, 197320]
<GID> 8507 <YOB> 2125 <AGE> 42 <VCID> 8870 <VISIT> [40166274, 40166174, 19078557, 19065567, 36249737, 40220357, 35603636, 19135374, 1560751, 46275280, 19020131, 1113346, 938330, 19095165, 19041287, 43011850, 19016865, 712616, 434610, 436659, 313217, 4008576, 440383, 318800, 4282096, 254061, 444100, 197320, 4181965, 37016349, 443597, 433753, 4145513, 4154290, 43021278, 443447, 45766207, 42537730, 4163872, 4193704, 2722275, 2786445, 2746481, 27574781]
<GID> 8532 <YOB> 2066 <AGE> 89 <VCID> 581385 <VISIT> [40221387, 19071700, 40166274, 40220357, 19035247, 19135374, 1593611, 35603556, 1560751, 19121580, 46287330, 19041287 <GOB>(20221701, 43011850, 36249737, 19134047, 1322185, 717166, 1113346, 938330, 19095165, 19019418, 948080]
<GID> 8507 <YOB> 2125 <AGE> 42 <VCID> 8870 <VISIT> [19078557, 40173098, 19071700, 40220357, 1560751, 19068781, 46275349, 1718752, 1790982, 19019112, 44784779, 938330, 1113346, 711586, 35604998, 19127213, 443597, 432867, 132797]
<GID> 8532 <YOB> 2104 <AGE> 21 <VCID> 8883 <VISIT> [40166274, 40166174, 35603636, 19065567, 36249737, 40221386, 0, 1366754, 19127213, 46275280, 1593611, 711620, 1560751, 19112656, 1707348, 1127433, 43011850, 19077546, 19016865, 1790982, 19046742, 21125875, 938330, 19095165, 19134047, 43560451, 1113346]
<GID> 8507 <YOB> 2043 <AGE> 82 <VCID> 38004207 <VISIT> [40166274, 40166275, 19068781, 19131111, 967434, 35603636, 46275349, 36249739, 40220357, 19135374, 1718752, 19019112, 19123038, 43011884, 19057568, 19046742, 42708743, 1127433, 19077546, 1332419, 1308972, 434610, 4008576, 13473611, 197320, 433753, 4145513, 319835, 4209423, 372887, 4154290, 2741855, 197494]
<GID> 8532 <YOB> 2094 <AGE> 48 <VCID> 262 <VISIT> [19078557, 19078556, 40175009, 19126405, 1560751, 19123592, 35603226, 40232756, 19131111, 953102, 19020053, 43011850, 991764, 1593611, 19016865, 963359, 46275280, 36249735, 21125875, 19041287, 44784779, 1113346, 948080]
<GID> 8507 <YOB> 2038 <AGE> 77 <VCID> 262 <VISIT> [40166274, 40166174, 19078557, 19049684, 40220357, 46275349, 35604576, 19041287, 19135374, 1560751, 1593611, 953102, 963359, 1127433, 948080, 19016865, 1707348, 36249736, 19127213, 81902, 436676, 437827, 764123, 444044, 434056, 313217, 317576, 435243, 274096, 132797, 255573, 376690, 440383, 4209423, 4101282, 140673, 42708743, 4241530, 318800, 4229440, 433753, 4145513]
<GID> 8532 <YOB> 2120 <AGE> 58 <VCID> 581385 <VISIT> [40166274, 40166276, 19077241, 19049684, 40220357, 19131111, 939871, 19126173, 1707348, 46275446, 1560751, 35603226, 43011884, 19057568, 0, 1366754, 19127213, 42873647, 43560451, 435515, 320128, 75860, 4008576, 42537730, 255573, 440383, 433753, 4145513]
<GID> 8532 <YOB> 2102 <AGE> 55 <VCID> 8883 <VISIT> [40221385, 40223839, 40168991, 1560751, 1707346, 19020053, 967434, 19077548, 19065567, 42708743, 19019418, 46287349, 44784779, 711586, 43011850, 19046742, 19126405, 36249739]
<GID> 8507 <YOB> 2086 <AGE> 61 <VCID> 8870 <VISIT> [40166274, 40166275, 19078557, 19065567, 42629468, 40220357, 46275349, 36249687, 19135374, 35603636, 939871, 19049024, 43011850, 1560525, 40071162, 132797, 1308251, 19046742, 44784779, 1113346, 21125875, 75860, 320128, 4145513, 4178908, 43530690, 43613338, 433753, 4082311, 4154290, 317576, 442077, 318800, 81902, 37016349]
<GID> 8507 <YOB> 2122 <AGE> 64 <VCID> 8870 <VISIT> [40166274, 40166174, 42708743, 19071700, 19016865, 35603636, 36249737, 40221385, 953102, 19129446, 46287328, 1560751, 1718698, 19049686, 1593611, 1113076, 19131111, 1127433, 942384, 993653, 961050, 19095165, 43011850]
<GID> 8532 <YOB> 2120 <AGE> 58 <VCID> 581385 <VISIT> [40166274, 40166276, 19072176, 19068781, 36249687, 40221384, 19135374, 35603433, 953102, 711620, 19131111, 19016865, 44784779, 46287345, 1560525, 19127213, 197320]
<GID> 8507 <YOB> 2060 <AGE> 81 <VCID> 262 <VISIT> [40166274, 40166174, 19035247, 19072176, 711586, 953102, 36249735, 40220357, 19135374, 1718752, 19019112, 19095165, 19134047, 46287349, 19040187, 35603556, 1560751, 19123989, 1113076, 1127433, 19080128, 43011850, 948080, 993653, 961050]
<GID> 8507 <YOB> 2062 <AGE> 78 <VCID> 262 <VISIT> [40166274, 40166275, 19071700, 19135374, 1560751, 35603636, 939871, 1593611, 19131111, 46287328, 44784779, 1113346, 1127433, 1167323, 132797, 1332419, 40220388, 43011884, 40071162, 19049024, 19019112, 19046742, 19127213, 43613338, 43560451, 4335825, 320128]
<GID> 8532 <YOB> 2070 <AGE> 59 <VCID> 8870 <VISIT> [40221385, 40166274, 42708743, 19071700, 19016865, 1560751, 19049684, 36249737, 40220357, 46287349, 19135374, 1593969, 19123592, 35603556, 19134047, 19095165, 1347386, 43011850, 993653, 19046742, 40072394, 939871, 44784779, 1113346, 961050]
<GID> 8507 <YOB> 2125 <AGE> 42 <VCID> 262 <VISIT> [40166274, 40166174, 19078557, 19129446, 1560751, 19049684, 715940, 40232756, 35605844, 1718698, 46275280, 36249737, 0, 1596977, 1113346, 938330, 961050, 19019418, 19123592, 43531578, 45768910, 440383, 443597, 319835, 433736, 132797]
<GID> 8532 <YOB> 2058 <AGE> 57 <VCID> 262 <VISIT> [40166274, 40166174, 40220357, 1560751, 19078557, 35604322, 46275349, 19131111, 44784779, 1113346, 938330, 36249739, 19122506, 718754, 19049024, 43011850, 19095165, 19129446, 948080, 19016865, 19046742, 993653, 961050]
<GID> 8532 <YOB> 2106 <AGE> 63 <VCID> 581385 <VISIT> [40166274, 40166276, 19071700, 19135374, 40220357, 939871, 36249687, 19020131, 43011850, 19019418, 42707287, 35605815, 19041287, 1560751, 46275280, 19065567, 21125875, 19127213, 440383, 197320, 44784779, 711586, 442019, 317002, 313217, 433753, 4145513]
<GID> 8532 <YOB> 2058 <AGE> 57 <VCID> 8883 <VISIT> [19078557, 19078556, 40163667, 19131111, 967434, 19095165, 40232756, 43011884, 1560525, 1593611, 1707346, 36249737, 0, 948080, 35603636, 46275280]
<GID> 8532 <YOB> 2059 <AGE> 78 <VCID> 8870 <VISIT> [40166274, 40166276, 19078557, 19065567, 36249737, 40221385, 19135374, 1718752, 1560751, 1593611, 19020131, 35605482, 44784779, 938330, 961050, 46287349, 19127213, 433753, 4145513]
<GID> 8532 <YOB> 2102 <AGE> 55 <VCID> 8870 <VISIT> [40166274, 40166174, 19078557, 19082176, 40232756, 36249687, 19020131, 46275349, 35603556]
<GID> 8507 <YOB> 2086 <AGE> 61 <VCID> 262 <VISIT> [40166274, 40166174, 19068781, 19071700, 46287330, 1377163, 1308972, 40232756, 19123592, 43613338, 0, 37498700]
<GID> 8507 <YOB> 2062 <AGE> 78 <VCID> 9201 <VISIT> [40166274, 40166275, 19071700, 715940, 967434, 40232756, 1560751, 46275280, 1707348, 19126405, 19020053, 19019112, 19134047, 43011850, 35606006, 36249737, 0, 19127213, 320128, 442019, 81902, 435243, 255573, 4145513]
<GID> 8507 <YOB> 2050 <AGE> 67 <VCID> 8870 <VISIT> [40221385, 40168991, 42708743, 19078557, 19049684, 19016865, 35604576, 46287330, 36249739, 40220357, 1560751, 19112656, 957136, 948080, 961050, 19041287, 712620, 19134047, 1314008, 43011850]
<GID> 8532 <YOB> 2084 <AGE> 93 <VCID> 581385 <VISIT> [40221350, 19078557, 19129446, 40174888, 40221859, 35605728, 44784779, 938330, 1560751, 1593611, 19016865, 1707348, 46287349, 19121580, 19095165, 19134047, 1309992, 19020131, 36249736, 1127433, 43011850]
<GID> 8507 <YOB> 2134 <AGE> 66 <VCID> 8870 <VISIT> [40166274, 19071700, 40173098, 19065567, 42708743, 43011850, 991764, 40232756, 46275400]
<GID> 8507 <YOB> 2070 <AGE> 66 <VCID> 8870 <VISIT> [40166274, 40166174, 19071700, 705108, 36249737, 40220357, 939871, 19019112, 19126173, 19134047, 46275349, 19020053, 35606006, 19121580, 43011850, 40071162, 43526962, 134736, 437264, 255573, 440383, 376690, 442019]
<GID> 8507 <YOB> 2059 <AGE> 72 <VCID> 8870 <VISIT> [40166274, 40166174, 19078557, 19018787, 35605815, 46287328, 36249739, 40220357, 19123592, 19020131, 939871, 43011850, 1127433, 19137329, 19016865, 1593611, 1560525, 43560451, 40072394, 42629597, 433753, 4145513, 43532878, 4154290, 313217, 197320, 4101362, 4209423, 1344244, 442019, 37017432, 440383, 254061, 261880, 42873647, 201826, 4193704, 2745444, 2742716]
<GID> 8532 <YOB> 2092 <AGE> 48 <VCID> 581385 <VISIT> [40166274, 40166174, 1560751, 19049684, 19071700, 40221350, 35603636, 19126173, 46275280, 0, 1366754, 19127213, 442077, 320128, 434300, 433753, 4145513]
